version https://git-lfs.github.com/spec/v1
oid sha256:6e948a4f4f45bb99873e3413935d478aa5b972fd5fbe307fe7ffaad6b814864d
size 4844
